others =

   1.0e+10 *

    2.3804    0.1236    1.1508
